oddspike <- c(rep(0.5,30),
              rep(1.5, 59-30+1),
              rep(2.5, 85-60+1),
              rep(3.5, 109-86+1),
              rep(4.5, 131-110+1),
              rep(5.5, 159-132+1),
              rep(6.5, 188-161+1),
              rep(7.5, 203-189+1),
              rep(8.5, 215-204+1),
              rep(9.5, 225-216+1),
              rep(10.5, 233-226+1),
              rep(11.5, 240-234+1))